1 -2.95982 
2 -2.95985 
3 -2.95988 
4 -2.95991 
5 -2.95993 
6 -2.95996 
7 -2.95999 
8 -2.96002 
9 -2.96005 
10 -2.96008 
11 -2.9601 
12 -2.96013 
13 -2.96016 
14 -2.96019 
15 -2.96022 
16 -2.96024 
17 -2.96027 
18 -2.9603 
19 -2.96033 
20 -2.96036 
21 -0.605292 
22 -1.0129 
23 -1.0129 
24 -3.85637 
25 -8.254 
26 -10.8288 
27 -15.5516 
28 -2.6891 
29 -2.00695 
30 -35.4048 
31 -26.6651 
32 -2.36681 
33 -1.75084 
34 6.36861 
35 19.2721 
36 19.2073 
37 13.1585 
38 18.383 
39 56.5734 
40 34.7367 
41 -5.71119 
42 11.3675 
43 -1.51224 
44 -1.65185 
45 -20.961 
46 -29.2141 
47 -32.7352 
48 -32.0114 
49 -2.2961 
50 -1.25816 
51 -1.13613 
52 13.9308 
53 49.2377 
54 33.3877 
55 12.8597 
56 -0.746829 
57 -25.9602 
58 -31.4074 
59 -32.0958 
60 -32.5179 
61 -28.6182 
62 -2.4069 
63 -2.03979 
64 7.12694 
65 4.56003 
66 -1.20945 
67 -1.65105 
68 -1.74494 
69 -1.50661 
70 -1.38484 
71 -1.4695 
72 -2.01798 
73 7.11661 
74 -1.4326 
75 -0.314835 
76 14.259 
77 -1.18146 
78 -1.43715 
79 -1.60453 
80 -1.43072 
81 -0.335267 
82 -1.37612 
83 -1.63863 
84 -23.2725 
85 -27.0539 
86 -23.9204 
87 -1.73006 
88 -1.59325 
89 -1.54479 
90 -1.5458 
91 -1.40749 
92 -1.24137 
93 -1.23825 
94 -1.26354 
95 -1.35445 
96 -1.54225 
97 4.70426 
98 14.4076 
99 6.39855 
100 -1.37054 
101 -1.6348 
102 -1.6416 
103 -1.52508 
104 -1.42857 
105 -1.3105 
106 13.873 
107 22.4647 
108 -1.23197 
109 -1.49441 
110 -1.63734 
111 -1.69103 
112 -1.74314 
113 -1.67559 
114 -1.52789 
115 -1.28147 
116 13.7055 
117 71.6081 
118 71.2737 
119 71.0255 
120 70.7774 
121 64.2947 
122 39.3085 
123 38.7092 
124 4.12581 
125 0.941393 
126 -2.87277 
127 -2.95737 
128 -2.9574 
129 -2.95743 
130 -2.95746 
131 -2.95749 
132 -2.95751 
133 -2.95754 
134 -2.95757 
135 -2.9576 
136 -2.95763 
137 -2.95765 
138 -2.95768 
139 -2.95771 
140 -2.95774 
141 -2.95777 
142 -2.95779 
143 -2.95782 
144 -2.95785 
145 -2.95788 
146 -2.95791 
147 -2.95794 
148 -2.95796 
149 -2.95799 
150 -2.95802 
151 -2.95805 
152 -2.95808 
153 -2.9581 
154 -2.95813 
155 -2.95816 
156 -2.95819 
157 -2.95822 
158 -2.95824 
159 -2.95827 
160 -2.9583 
161 -2.95833 
162 -2.95836 
163 -2.95839 
164 -0.604907 
165 -1.01225 
166 -1.01225 
167 -6.48594 
168 -10.8108 
169 -14.4457 
170 -20.0744 
171 -37.2852 
172 -38.4002 
173 -18.3583 
174 -21.0001 
175 26.3516 
176 21.1304 
177 7.85276 
178 -2.77156 
179 7.17045 
180 -1.38776 
181 -1.47644 
182 -28.2845 
183 25.9029 
184 66.8203 
185 13.8719 
186 70.9709 
187 28.8472 
188 13.2446 
189 -1.673 
190 -2.05544 
191 -26.0491 
192 -35.3491 
193 -40.1199 
194 -30.8832 
195 -47.1105 
196 -51.3106 
197 -50.8311 
198 -54.2962 
199 -60.7204 
200 -56.0921 
201 -39.2858 
202 -46.1402 
203 -48.8971 
204 -40.3518 
205 -36.2854 
206 -27.2458 
207 -1.42008 
208 -1.26713 
209 -1.27618 
210 -1.25586 
211 -1.30993 
212 -1.3347 
213 -1.3347 
214 -1.33471 
215 -1.40108 
216 -1.42585 
217 -1.52765 
218 -1.6009 
219 -1.61534 
220 -1.54591 
221 -1.55776 
222 -1.60799 
223 -1.54828 
224 -1.56151 
225 -1.65117 
226 -42.9804 
227 -42.1495 
228 -35.248 
229 -1.50224 
230 -1.39716 
231 -1.29238 
232 -1.18892 
233 -1.28424 
234 -1.40089 
235 -1.46577 
236 -1.51909 
237 -1.44955 
238 -1.50788 
239 -1.44937 
240 -1.47438 
241 -1.41025 
242 -1.34519 
243 -1.24184 
244 -1.29872 
245 -1.32303 
246 -1.32304 
247 -1.32304 
248 -1.32305 
249 -1.27758 
250 -1.18205 
251 -1.15917 
252 16.7645 
253 -1.0358 
254 -1.10231 
255 -1.19436 
256 -1.18089 
257 -1.2471 
258 -1.42798 
259 -1.39841 
260 -1.37382 
261 -1.33431 
262 -1.20491 
263 -1.13117 
264 -1.12105 
265 -1.1232 
266 -1.01793 
267 -1.37704 
268 -1.21228 
269 -1.23938 
270 -1.23967 
271 -1.22807 
272 -1.33936 
273 -1.4137 
274 -1.46371 
275 -1.51441 
276 -1.56608 
277 -1.57964 
278 -1.58087 
279 -42.8181 
280 -35.9252 
281 -1.46226 
282 -1.50827 
283 -1.36731 
284 -1.23705 
285 1.1696 
286 18.27 
287 5.648 
288 27.4123 
289 18.7012 
290 -1.20294 
291 -1.32717 
292 -1.18059 
293 19.1533 
294 -1.16984 
295 -1.35325 
296 -1.30644 
297 -1.1763 
298 -1.24591 
299 -1.31849 
300 -1.33089 
301 -1.1913 
302 -0.731136 
303 0.18171 
304 12.1936 
305 30.3883 
306 25.47 
307 34.8882 
308 34.9583 
309 27.411 
310 34.582 
311 66.7081 
312 48.8758 
313 64.1318 
314 40.38 
315 33.2078 
316 15.0061 
317 8.67255 
318 -1.0638 
319 13.9575 
320 14.0954 
321 38.8601 
322 70.3046 
323 73.0462 
324 20.9245 
325 2.88036 
326 18.0991 
327 19.0111 
328 18.2862 
329 31.8037 
330 7.62445 
331 3.4967 
332 3.31247 
333 -0.151472 
334 -3.36633 
335 -2.9582 
336 -2.95823 
337 -2.95826 
338 -2.95829 
339 -2.95832 
340 -2.95834 
341 -2.95837 
342 -2.9584 
343 -2.95843 
344 -2.95846 
345 -2.95849 
346 -2.95851 
347 -0.604964 
348 -1.01233 
349 -1.01234 
350 -1.40246 
351 -8.90603 
352 -11.9824 
353 -19.2915 
354 -35.3514 
355 -38.3162 
356 -30.3924 
357 -33.7079 
358 -17.2601 
359 -30.4361 
360 -36.1687 
361 -26.422 
362 -26.5647 
363 -1.77422 
364 -1.80158 
365 -28.1393 
366 -30.0845 
367 -1.61053 
368 -1.50696 
369 -1.34647 
370 -1.13714 
371 -1.34837 
372 -1.80553 
373 -1.80704 
374 -1.45051 
375 -1.31743 
376 -1.31744 
377 -1.31744 
378 -1.31745 
379 -1.37268 
380 -1.511 
381 -1.45479 
382 -1.28684 
383 1.82823 
384 6.64001 
385 14.3013 
386 23.5166 
387 70.3386 
388 74.1304 
389 73.8515 
390 71.9174 
391 66.362 
392 59.6774 
393 53.4329 
394 18.7373 
395 37.427 
396 4.06341 
397 0.804887 
398 -2.93774 
399 -2.95677 
400 -2.9568 
401 -2.95683 
402 -2.95685 
403 -0.604639 
404 -1.01179 
405 -1.01179 
406 -4.61289 
407 -10.1818 
408 -13.8371 
409 -20.3102 
410 -43.3233 
411 -43.2821 
412 -10.8792 
413 -33.0506 
414 -31.4127 
415 -27.5654 
416 -1.62526 
417 -1.3131 
418 -1.17597 
419 6.19647 
420 14.5163 
421 3.02413 
422 71.3944 
423 73.4048 
424 73.128 
425 63.0616 
426 38.503 
427 37.5619 
428 3.93653 
429 0.531676 
430 -3.06409 
431 -2.95548 
432 -2.95551 
433 -2.95554 
434 -2.95557 
435 -2.9556 
436 -2.95562 
437 -2.95565 
438 -2.95568 
439 -2.95571 
440 -2.95574 
441 -2.95576 
442 -2.95579 
443 -2.95582 
444 -2.95585 
445 -2.95588 
446 -2.95591 
447 -2.95593 
448 -0.60446 
449 -1.01148 
450 -1.01149 
451 -6.47968 
452 -10.7985 
453 -14.4273 
454 -20.0442 
455 -44.6711 
456 -51.1203 
457 -18.4764 
458 -29.6021 
459 -42.7916 
460 -37.9371 
461 -26.3277 
462 -33.7168 
463 -1.79624 
464 -1.66911 
465 -1.72593 
466 -1.39359 
467 -1.34463 
468 -1.39784 
469 -1.23187 
470 -1.09935 
471 -1.40176 
472 -1.39593 
473 1.98106 
474 -1.15734 
475 -1.23721 
476 -1.18421 
477 -1.26578 
478 -1.31855 
479 -1.31855 
480 -1.31856 
481 -1.31856 
482 -1.21188 
483 -1.31982 
484 -1.39885 
485 -1.50718 
486 -1.23544 
487 -1.13303 
488 -1.26654 
489 -1.3192 
490 -1.21322 
491 -1.16217 
492 -1.21565 
493 13.4689 
494 43.7786 
495 60.1459 
496 63.9474 
497 72.4214 
498 73.5987 
499 64.9663 
500 68.7874 
501 42.3842 
502 35.4443 
503 -2.95428 
504 -2.9543 
505 -2.95433 
506 -2.95436 
507 -2.95438 
508 -2.95441 
509 -2.95444 
510 -2.95447 
511 -2.9545 
512 -1.01101 
513 -1.01101 
514 -1.01101 
515 -1.3672 
516 -3.94066 
517 -4.54592 
518 -3.61139 
519 -4.3211 
520 -7.31974 
521 -11.3995 
522 -25.9768 
523 -24.9872 
524 -24.6333 
525 -24.0263 
526 -25.6424 
527 -26.7681 
528 -25.9848 
529 -2.52209 
530 -2.28717 
531 7.08482 
532 -1.27798 
533 -1.25574 
534 -1.25575 
535 -1.25575 
536 -1.25576 
537 -1.49243 
538 -1.49359 
539 -1.41087 
540 6.69895 
541 7.52873 
542 -1.09629 
543 -1.21127 
544 -1.25573 
545 18.2448 
546 15.2202 
547 73.7032 
548 69.1945 
549 42.3877 
550 43.0129 
551 -2.95404 
552 -2.95406 
553 -2.95409 
554 -2.95411 
555 -2.95414 
556 -2.95417 
557 -2.9542 
558 -2.95423 
559 -2.95425 
560 -2.95428 
561 -2.95431 
562 -2.95434 
563 -2.95437 
564 -2.95439 
565 -2.95442 
566 -2.95445 
567 -2.95448 
568 -2.95451 
569 -2.95454 
570 -1.01103 
571 -1.01103 
572 -6.4763 
573 -10.3316 
574 -9.55547 
575 -7.51774 
576 -20.766 
577 -1.74979 
578 -1.32842 
579 -1.6377 
580 -1.67513 
581 -1.42345 
582 -1.2086 
583 11.3631 
584 -1.05765 
585 1.76203 
586 -1.42569 
587 -1.55942 
588 -1.31408 
589 6.43996 
590 -1.0811 
591 -1.25878 
592 -1.36012 
593 -1.59287 
594 -1.87005 
595 -21.2161 
596 -2.20029 
597 -23.6328 
598 -2.38282 
599 -1.7835 
600 -1.44377 
601 -1.66846 
602 -1.82242 
603 -1.82884 
604 -1.5959 
605 -1.3657 
606 -1.31525 
607 -1.47304 
608 -2.29231 
609 -32.4694 
610 -12.6512 
611 -19.9002 
612 -1.63601 
613 7.66902 
614 74.06 
615 73.6814 
616 67.903 
617 41.5463 
618 41.8494 
619 -2.95342 
620 -2.95344 
621 -2.95346 
622 -2.95349 
623 -2.95352 
624 -2.95355 
625 -2.95358 
626 -2.95361 
627 -2.95363 
628 -2.95366 
629 -2.95369 
630 -2.95372 
631 -2.95375 
632 -2.95377 
633 -2.9538 
634 -2.95383 
635 -2.95386 
636 -2.95389 
637 -2.95391 
638 -2.95394 
639 -2.95397 
640 -2.954 
641 -2.95403 
642 -2.95405 
643 -2.95408 
644 -2.95411 
645 -2.95414 
646 -2.95417 
647 -1.01091 
648 -1.01092 
649 -1.73378 
650 -7.53302 
651 -7.73342 
652 -7.70905 
653 -6.96801 
654 -11.1387 
655 -31.143 
656 -28.3114 
657 -27.7456 
658 -28.0401 
659 -30.1396 
660 -11.7528 
661 -1.56591 
662 -1.5065 
663 -1.42356 
664 -1.35881 
665 -1.32166 
666 -1.38084 
667 -1.39337 
668 -1.33263 
669 13.9833 
670 14.564 
671 39.9006 
672 52.0237 
673 65.595 
674 38.3082 
675 28.3653 
676 27.5494 
677 29.945 
678 -2.95324 
679 -2.95326 
680 -2.95329 
681 -2.95332 
682 -2.95334 
683 -2.95337 
684 -2.9534 
685 -2.95343 
686 -2.95346 
687 -2.95348 
688 -2.95351 
689 -2.95354 
690 -2.95357 
691 -2.9536 
692 -2.95362 
693 -2.95365 
694 -2.95368 
695 -1.01075 
696 -1.01076 
697 -1.01076 
698 -1.01076 
699 -5.31094 
700 -7.19135 
701 -8.04744 
702 -7.33225 
703 -9.14486 
704 -2.22207 
705 -1.31112 
706 -1.21739 
707 -25.371 
708 -23.2648 
709 -23.0453 
710 -28.0465 
711 -26.5263 
712 -1.82062 
713 6.50168 
714 -1.58476 
715 -2.12872 
716 -1.85496 
717 0.743554 
718 37.3857 
719 6.23748 
720 52.4331 
721 55.2317 
722 31.3519 
723 33.0567 
724 -2.95327 
725 -2.95329 
726 -2.95332 
727 -2.95335 
728 -2.95338 
729 -2.95341 
730 -1.01066 
731 -1.01067 
732 -5.89073 
733 -9.42119 
734 -8.5917 
735 -10.8497 
736 -28.1001 
737 -27.8365 
738 -32.1739 
739 -32.3244 
740 -32.2039 
741 -13.4784 
742 -24.2902 
743 -21.2495 
744 -1.68473 
745 -1.58098 
746 -1.5766 
747 -1.55984 
748 -1.40819 
749 -1.16342 
750 -1.22356 
751 -1.23044 
752 14.28 
753 28.3701 
754 27.4966 
755 44.5445 
756 44.8248 
757 56.0469 
758 48.9596 
759 21.2083 
760 16.0782 
761 35.7672 
762 -2.95266 
763 -2.95268 
764 -2.9527 
765 -2.95273 
766 -2.95276 
767 -2.95279 
768 -1.01046 
769 -1.01046 
770 -5.64105 
771 -10.4875 
772 -13.1348 
773 -9.58234 
774 -21.8009 
775 -23.6933 
776 -25.8197 
777 -28.1012 
778 -28.7895 
779 -35.94 
780 -18.2848 
781 -25.3625 
782 -20.9533 
783 -1.58243 
784 -1.66472 
785 -1.48003 
786 -1.33501 
787 -1.29229 
788 -1.14126 
789 -1.18055 
790 -1.28892 
791 -1.33674 
792 -1.29498 
793 21.3504 
794 -1.15672 
795 -1.31536 
796 -1.33893 
797 -1.33893 
798 -1.33894 
799 -1.33895 
800 -1.37964 
801 -1.52726 
802 -1.6435 
803 -32.0167 
804 -28.3797 
805 -29.0264 
806 -29.9098 
807 -1.58058 
808 -1.62691 
809 -1.68363 
810 -1.58106 
811 -1.34631 
812 -1.19128 
813 -1.26894 
814 -1.26961 
815 -1.13836 
816 13.3966 
817 -1.14541 
818 13.3071 
819 14.0536 
820 -1.15223 
821 -1.15927 
822 -1.20507 
823 7.69292 
824 23.0251 
825 -1.14035 
826 -1.3079 
827 -1.33247 
828 -1.33248 
829 -1.20004 
830 -1.21627 
831 -1.30922 
832 -1.24642 
833 6.21409 
834 29.1131 
835 14.9309 
836 28.498 
837 36.1562 
838 36.3994 
839 33.4494 
840 23.5197 
841 14.493 
842 -0.739383 
843 -1.94432 
844 -2.32937 
845 -2.08102 
846 -2.02243 
847 -2.08808 
848 -2.11109 
849 -25.8448 
850 -28.7291 
851 -13.2666 
852 -20.877 
853 -1.45137 
854 -1.39608 
855 -1.45062 
856 -1.45873 
857 -1.63173 
858 -1.60529 
859 -1.70608 
860 -1.54719 
861 -1.40204 
862 -1.40197 
863 -1.31545 
864 8.09986 
865 22.3085 
866 14.7806 
867 22.9429 
868 4.39211 
869 12.2545 
870 -1.52543 
871 7.01768 
872 -1.48332 
873 -1.44289 
874 -1.52829 
875 -1.70568 
876 -1.7447 
877 -1.60354 
878 -1.66003 
879 -1.73775 
880 -1.56654 
881 -1.33897 
882 -1.26678 
883 -1.26727 
884 6.22642 
885 6.77927 
886 -1.20032 
887 -1.3133 
888 6.40493 
889 7.05822 
890 21.3763 
891 -1.34021 
892 -1.63482 
893 -1.57964 
894 -1.49144 
895 -1.30204 
896 -1.37251 
897 -1.38453 
898 -1.33698 
899 -1.11708 
900 -0.830247 
901 14.3914 
902 -0.135213 
903 -1.20176 
904 -1.28558 
905 -1.30863 
906 -1.22653 
907 -1.21487 
908 -1.27498 
909 -0.439007 
910 0.151636 
911 -1.20866 
912 -1.39658 
913 -1.31499 
914 -0.0874979 
915 8.43968 
916 3.80561 
917 15.4769 
918 20.5876 
919 -1.02415 
920 -1.39383 
921 -2.06675 
922 -25.4642 
923 -2.3521 
924 -1.95721 
925 -1.76979 
926 -2.09313 
927 7.02866 
928 -1.34194 
929 -1.32343 
930 -1.36689 
931 -0.347257 
932 -1.1176 
933 -1.21028 
934 -1.25471 
935 -2.15377 
936 -1.17674 
937 -1.20928 
938 -1.37543 
939 -1.67499 
940 -2.10877 
941 7.12654 
942 4.64955 
943 -1.30227 
944 13.0185 
945 -1.56892 
946 -2.3203 
947 7.06887 
948 13.2882 
949 3.44004 
950 44.8396 
951 38.4969 
952 67.3591 
953 56.2984 
954 34.2808 
955 -2.9514 
956 -2.95142 
957 -2.95145 
958 -2.95147 
959 -2.9515 
960 -2.95153 
961 -1.01004 
962 -1.01005 
963 -3.24961 
964 -9.67882 
965 -13.1107 
966 -13.7622 
967 -23.6302 
968 -26.3679 
969 -25.7456 
970 -24.9917 
971 -26.646 
972 -32.5447 
973 -20.7563 
974 -27.2094 
975 -22.0319 
976 -1.60618 
977 -1.44999 
978 -1.35958 
979 -1.3356 
980 2.58831 
981 -1.06829 
982 -0.853664 
983 7.0423 
984 -0.219648 
985 14.3518 
986 0.373386 
987 14.2778 
988 8.01132 
989 44.9486 
990 15.4934 
991 -1.07419 
992 -1.54483 
993 -2.01061 
994 -2.07 
995 -1.40685 
996 -1.21119 
997 -1.47346 
998 -0.0272238 
999 -1.16132 
1000 -1.31327 
1001 -2.00015 
1002 -2.27279 
1003 -2.29181 
1004 -2.04546 
1005 7.05017 
1006 -1.48286 
1007 -1.40232 
1008 -1.25889 
1009 14.0066 
1010 38.0031 
1011 7.69507 
1012 13.5266 
1013 0.948586 
1014 6.89891 
1015 13.2845 
1016 7.27239 
1017 5.68464 
1018 63.8438 
1019 58.8895 
1020 35.9653 
1021 -2.95082 
1022 -2.95084 
1023 -2.95087 
1024 -2.9509 
1025 -2.95092 
1026 -2.95095 
1027 -2.95098 
1028 -2.95101 
1029 -2.95104 
1030 -2.95106 
1031 -2.95109 
1032 -2.95112 
1033 -2.95115 
1034 -2.95118 
1035 -2.9512 
1036 -2.95123 
1037 -2.95126 
1038 -2.95129 
1039 -2.95132 
1040 -2.95135 
1041 -2.95137 
1042 -2.9514 
1043 -2.95143 
1044 -2.95146 
1045 -2.95149 
1046 -2.95151 
1047 -2.95154 
1048 -2.95157 
1049 -2.9516 
1050 -2.95163 
1051 -2.95165 
1052 -2.95168 
1053 -2.95171 
1054 -1.01011 
1055 -1.01012 
1056 -1.01012 
1057 -8.52935 
1058 -11.5988 
1059 -19.2556 
1060 -26.4422 
1061 -27.3147 
1062 -31.7632 
1063 -28.9242 
1064 -27.9466 
1065 -26.962 
1066 -11.5469 
1067 -23.3221 
1068 -1.64273 
1069 -1.64532 
1070 -1.68616 
1071 -1.62362 
1072 -1.28161 
1073 14.4037 
1074 14.65 
1075 -1.21006 
1076 27.4446 
1077 45.374 
1078 43.2512 
1079 3.40174 
1080 35.8888 
1081 55.1122 
1082 55.2914 
1083 24.2933 
1084 34.5561 
1085 9.07043 
1086 10.4609 
1087 -2.95058 
1088 -2.95061 
1089 -2.95064 
1090 -2.95066 
1091 -1.3355 
1092 -1.80596 
1093 -1.19084 
1094 -0.949477 
1095 -2.95074 
1096 -2.95077 
1097 -2.9508 
1098 -2.95083 
1099 -2.95085 
1100 -2.95088 
1101 -2.95091 
1102 -2.95094 
1103 -1.00986 
1104 -1.00986 
1105 -1.00986 
1106 -1.00987 
1107 -7.02121 
1108 -9.49736 
1109 -7.96629 
1110 -4.68997 
1111 -7.09216 
1112 -28.4678 
1113 -30.3648 
1114 -25.2634 
1115 -1.95339 
1116 -1.4909 
1117 -1.44226 
1118 -1.5929 
1119 -2.08676 
1120 -2.12052 
1121 -2.31234 
1122 -2.51845 
1123 -2.38451 
1124 7.13942 
1125 -2.7593 
1126 7.16764 
1127 -1.45543 
1128 -1.51834 
1129 -1.4544 
1130 -1.49939 
1131 -1.47934 
1132 -1.48338 
1133 -1.43426 
1134 -1.34915 
1135 -1.32586 
1136 -1.28384 
1137 -1.25724 
1138 -1.2955 
1139 -0.743597 
1140 -1.19786 
1141 6.98776 
1142 14.4267 
1143 8.61973 
1144 3.80336 
1145 43.9169 
1146 23.3311 
1147 51.2392 
1148 19.5986 
1149 29.4721 
1150 34.9113 
1151 -2.95014 
1152 -2.95016 
1153 -2.95019 
1154 -2.95022 
1155 -2.95025 
1156 -2.95028 
1157 -2.9503 
1158 -2.95033 
1159 -2.95036 
1160 -2.95039 
1161 -2.95042 
1162 -2.95044 
1163 -2.95047 
1164 -2.9505 
1165 -2.95053 
1166 -2.95056 
1167 -2.95058 
1168 -2.95061 
1169 -2.95064 
1170 -1.00976 
1171 -1.00976 
1172 -3.45913 
1173 -9.75532 
1174 -13.2213 
1175 -20.3908 
1176 -35.8981 
1177 -34.8959 
1178 -2.76384 
1179 12.0863 
1180 13.5372 
1181 57.6819 
1182 69.5482 
1183 55.4415 
1184 33.703 
1185 -2.9495 
1186 -2.94953 
1187 -2.94955 
1188 -2.94958 
1189 -2.94961 
1190 -2.94964 
1191 -2.94967 
1192 -2.94969 
1193 -2.94972 
1194 -2.94975 
1195 -2.94978 
1196 -2.94981 
1197 -2.94983 
1198 -1.00949 
1199 -1.00949 
1200 -1.0095 
1201 -1.0095 
1202 -6.1833 
1203 -8.44796 
1204 -5.87081 
1205 -2.99017 
1206 4.2451 
1207 -1.40131 
1208 -2.41371 
1209 -2.07616 
1210 -3.42482 
1211 -6.4585 
1212 -7.31136 
1213 -26.1779 
1214 -24.3453 
1215 -26.8265 
1216 -2.32715 
1217 -1.79075 
1218 -1.46481 
1219 0.663606 
1220 1.15333 
1221 -1.39517 
1222 -1.69189 
1223 -1.61788 
1224 -1.33861 
1225 -1.11578 
1226 -1.06953 
1227 -1.22012 
1228 -1.2437 
1229 13.3918 
1230 19.1814 
1231 1.9781 
1232 -1.45858 
1233 -1.64842 
1234 -1.55665 
1235 11.7542 
1236 35.7631 
1237 32.9883 
1238 19.5573 
1239 35.6453 
1240 -2.94961 
1241 -2.94963 
1242 -2.94965 
1243 -2.94968 
1244 -2.94971 
1245 -2.94974 
1246 -2.94977 
1247 -2.9498 
1248 -2.94982 
1249 -2.94985 
1250 -2.94988 
1251 -2.94991 
1252 -2.94994 
1253 -1.00953 
1254 -1.00953 
1255 -1.00953 
1256 -1.00954 
1257 -1.00954 
1258 -1.00954 
1259 -1.00955 
1260 -1.00955 
1261 -1.00955 
1262 -1.00955 
1263 -3.54547 
1264 -5.32898 
1265 -4.08229 
1266 -2.95018 
1267 -2.95021 
1268 -2.95024 
1269 -1.28678 
1270 -5.41731 
1271 -9.74185 
1272 -18.275 
1273 -33.2252 
1274 -29.2465 
1275 -24.3166 
1276 -2.02327 
1277 -2.15221 
1278 -2.28109 
1279 -2.18112 
1280 -2.11028 
1281 -1.7247 
1282 12.9996 
1283 13.7276 
1284 -1.12219 
1285 -1.3831 
1286 -1.3831 
1287 -1.38311 
1288 -1.38312 
1289 -1.84547 
1290 -1.80638 
1291 -1.89292 
1292 -1.91965 
1293 -1.93723 
1294 7.12218 
1295 -1.43736 
1296 -1.36019 
1297 -1.42221 
1298 -1.43943 
1299 -1.67692 
1300 -23.4666 
1301 -1.73583 
1302 -1.75464 
1303 -1.5458 
1304 -1.31398 
1305 13.5676 
1306 70.8018 
1307 74.378 
1308 74.0685 
1309 61.7411 
1310 37.6379 
1311 -2.94853 
1312 -2.94855 
1313 -2.94858 
1314 -2.9486 
1315 -2.94863 
1316 -2.94866 
1317 -2.94869 
1318 -2.94872 
1319 -2.94874 
1320 -2.94877 
1321 -2.9488 
1322 -2.94883 
1323 -2.94886 
1324 -2.94888 
1325 -2.94891 
1326 -2.94894 
1327 -2.94897 
1328 -2.949 
1329 -2.94902 
1330 -2.94905 
1331 -2.94908 
1332 -2.94911 
1333 -2.94914 
1334 -2.94916 
1335 -2.94919 
1336 -2.94922 
1337 -2.94925 
1338 -2.94928 
1339 -1.00931 
1340 -1.00931 
1341 -2.26477 
1342 -9.27135 
1343 -8.89546 
1344 -8.43238 
1345 -9.04728 
1346 -25.3153 
1347 -24.7108 
1348 -2.44509 
1349 -24.7697 
1350 -2.26554 
1351 -1.76786 
1352 -1.64778 
1353 6.07451 
1354 7.11814 
1355 13.0542 
1356 18.7939 
1357 12.998 
1358 7.23088 
1359 5.49475 
1360 2.59824 
1361 2.52277 
1362 2.54579 
1363 44.236 
1364 37.2837 
1365 -2.94895 
1366 -2.94898 
1367 -2.949 
1368 -2.94903 
1369 -2.94906 
1370 -2.94909 
1371 0 
1372 0 
1373 0 
1374 0 
1375 0 
1376 0 
1377 0 
1378 0 
1379 0 
1380 0 
